9 9 9 9 9 9 9 9 9 9 9 9 9 9 9 9 9 9 9 9 9 9 9 9 9 9 9 9 9 9 9 9 9 9 9 9 9 9 9 9 9 9 9 9 9 9 9 9 9 9 
9 9 9 9 9 9 9 9 9 9 9 9 9 9 9 9 9 9 9 9 9 9 9 9 9 9 9 9 9 9 9 9 9 9 9 9 9 9 9 9 9 9 9 9 9 9 9 9 9 9 
9 9 9 9 9 9 9 9 9 9 9 9 9 9 9 9 9 9 9 9 9 9 9 9 9 9 9 9 9 9 9 9 9 9 9 9 9 9 9 9 9 9 9 9 9 9 9 9 9 9 
9 9 9 9 9 9 9 9 9 9 9 9 9 9 9 9 9 9 9 9 9 9 9 9 9 9 9 9 9 9 9 9 9 9 9 9 9 9 9 9 9 9 9 9 9 9 9 9 9 9 
9 9 9 9 9 9 9 9 9 9 9 9 9 9 9 9 9 9 9 9 9 9 9 9 9 9 9 9 9 9 9 9 9 9 9 9 9 9 9 9 9 9 9 9 9 9 9 9 9 9 
9 9 9 9 9 9 9 9 9 9 9 9 9 9 9 9 9 9 9 9 9 9 9 9 9 9 9 9 9 9 9 9 9 9 9 9 9 9 9 9 9 9 9 9 9 9 9 9 9 9 
9 9 9 9 9 9 9 9 9 9 9 9 9 9 9 9 9 9 9 9 9 9 9 9 9 9 9 9 9 9 9 9 9 9 9 9 9 9 9 9 9 9 9 9 9 9 9 9 9 9 
9 9 9 9 9 9 9 9 9 9 9 9 9 9 9 9 9 9 9 9 9 9 9 9 9 9 9 9 9 9 9 9 9 9 9 9 9 9 9 9 9 9 9 9 9 9 9 9 9 9 
9 9 9 9 9 9 9 9 9 9 9 9 9 9 9 9 9 9 9 9 9 9 9 9 9 9 9 9 9 9 9 9 9 9 9 9 9 9 9 9 9 9 9 9 9 9 9 9 9 9 
9 9 9 9 9 9 9 9 9 9 9 9 9 9 9 9 9 9 9 9 9 9 9 9 9 9 9 9 9 9 9 9 9 9 9 9 9 9 9 9 9 9 9 9 9 9 9 9 9 9 
9 9 9 9 9 9 9 9 9 9 9 9 9 9 9 9 9 9 9 9 9 9 9 9 9 9 9 9 9 9 9 9 9 9 9 9 9 9 9 9 9 9 9 9 9 9 9 9 9 9 
9 9 9 9 9 9 9 9 9 9 9 9 9 9 2 2 2 2 2 2 2 2 2 2 2 2 2 2 2 2 2 2 2 2 16 9 9 9 9 9 9 9 9 9 9 9 9 9 9 9 
9 9 9 9 9 9 9 9 9 9 9 9 9 9 9 12 9 9 9 9 9 9 9 9 9 9 9 9 9 9 9 9 9 9 10 9 9 9 9 9 9 9 9 9 9 9 9 9 9 9 
9 9 9 9 9 9 9 9 9 9 9 9 9 9 9 6 9 9 9 9 9 9 9 9 9 9 9 9 9 9 9 9 9 9 10 9 9 9 9 9 9 9 9 9 9 9 9 9 9 9 
9 9 9 9 9 9 9 9 9 9 9 9 9 9 9 6 9 9 9 9 9 9 9 9 9 9 9 9 9 9 9 9 9 9 10 9 9 9 9 9 9 9 9 9 9 9 9 9 9 9 
9 9 9 9 9 9 9 9 9 9 9 9 9 9 9 6 9 9 9 9 9 9 9 9 9 9 9 9 9 9 9 9 9 9 10 2 2 2 2 2 2 2 2 2 2 2 16 9 9 9 
9 9 9 9 9 9 9 9 9 9 9 9 9 9 9 6 9 9 9 9 9 9 9 9 9 9 9 9 9 9 9 9 9 9 10 9 9 9 9 9 9 9 9 9 9 9 10 9 9 9 
9 9 9 9 9 9 9 9 9 9 9 9 9 9 9 0 9 9 9 9 9 9 9 9 9 9 9 9 9 9 9 9 9 9 10 9 9 9 9 9 9 9 9 9 9 9 10 9 9 9 
9 9 9 9 9 9 9 9 9 9 9 9 9 9 8 2 2 2 2 2 2 2 2 2 2 2 2 2 2 2 2 2 2 2 10 9 9 9 9 9 9 9 9 9 9 9 10 9 9 9 
9 9 9 9 9 9 9 9 9 9 9 9 9 9 8 3 3 3 3 3 3 3 3 3 3 3 3 3 3 3 3 3 3 3 10 9 9 9 9 9 9 9 9 9 9 9 10 9 9 9 
9 9 9 9 9 9 9 9 9 9 9 9 9 9 8 12 13 13 13 13 13 13 13 13 13 13 13 13 13 13 13 13 13 14 10 9 9 9 9 9 9 9 9 9 9 9 10 9 9 9 
9 9 9 9 9 9 9 9 9 9 9 9 9 9 8 6 9 9 9 9 9 9 9 9 9 9 9 9 9 9 9 9 9 11 10 9 9 9 9 9 9 9 9 9 9 9 10 9 9 9 
9 9 9 9 9 9 9 9 9 9 9 9 9 9 8 6 9 9 9 9 9 9 9 9 9 9 9 9 9 9 9 9 9 11 10 9 9 9 9 9 9 9 9 9 9 9 10 9 9 9 
9 9 9 9 9 9 9 9 9 9 9 9 9 9 9 6 9 9 9 9 9 9 9 9 9 9 9 9 9 9 9 9 9 11 10 9 9 9 9 9 9 9 9 9 9 9 10 9 9 9 
9 9 9 9 9 9 9 9 9 9 9 9 9 9 9 6 9 9 9 9 9 9 9 9 9 9 9 9 9 9 9 9 9 11 10 9 9 9 9 9 9 9 9 9 9 9 10 9 9 9 
9 9 9 9 9 9 9 9 9 9 9 9 9 9 9 6 9 9 9 9 9 9 9 9 9 9 9 9 9 9 9 9 9 11 11 9 9 9 9 9 9 9 9 9 9 9 9 9 9 9 
9 9 9 9 9 9 9 9 9 9 9 9 9 9 9 6 9 9 9 9 9 9 9 9 9 9 9 9 9 9 9 9 9 11 11 9 9 9 9 9 9 9 9 9 9 9 9 9 9 9 
9 9 9 9 9 9 9 9 9 9 9 9 9 9 9 6 9 9 9 9 9 9 9 9 9 9 9 9 9 9 9 9 9 11 11 9 9 9 9 9 9 9 9 9 9 9 9 9 9 9 
9 9 9 9 9 9 9 9 9 9 9 9 9 9 9 0 1 1 1 1 1 1 1 1 1 1 1 1 1 1 1 1 1 4 11 9 9 9 9 9 9 9 9 9 9 9 9 9 9 9 
9 9 9 9 9 9 9 9 9 9 9 9 9 9 8 3 3 3 3 3 3 3 3 3 3 3 3 3 3 3 3 3 3 3 3 3 3 3 3 3 3 3 3 3 3 3 3 9 9 9 
9 9 9 9 9 9 9 9 9 9 9 9 9 9 9 9 9 9 9 9 9 9 9 9 9 9 9 9 9 9 9 9 9 9 9 9 9 9 9 9 9 9 9 9 9 9 9 9 9 9 
9 9 9 9 9 9 9 9 9 9 9 9 9 9 9 9 9 9 9 9 9 9 9 9 9 9 9 9 9 9 9 9 9 9 9 9 9 9 9 9 9 9 9 9 9 9 9 9 9 9 
9 9 9 9 9 9 9 9 9 9 9 9 9 9 9 9 9 9 9 9 9 9 9 9 9 9 9 9 9 9 9 9 9 9 9 9 9 9 9 9 9 9 9 9 9 9 9 9 9 9 
9 9 9 9 9 9 9 9 9 9 9 9 9 9 9 9 9 9 9 9 9 9 9 9 9 9 9 9 9 9 9 9 9 9 9 9 9 9 9 9 9 9 9 9 9 9 9 9 9 9 
9 9 9 9 9 9 9 9 9 9 9 9 9 9 9 9 9 9 9 9 9 9 9 9 9 9 9 9 9 9 9 9 9 9 9 9 9 9 9 9 9 9 9 9 9 9 9 9 9 9 
9 9 9 9 9 9 9 9 9 9 9 9 9 9 9 9 9 9 9 9 9 9 9 9 9 9 9 9 9 9 9 9 9 9 9 9 9 9 9 9 9 9 9 9 9 9 9 9 9 9 
9 9 9 9 9 9 9 9 9 9 9 9 9 9 9 9 9 9 9 9 9 9 9 9 9 9 9 9 9 9 9 9 9 9 9 9 9 9 9 9 9 9 9 9 9 9 9 9 9 9 
9 9 9 9 9 9 9 9 9 9 9 9 9 9 9 9 9 9 9 9 9 9 9 9 9 9 9 9 9 9 9 9 9 9 9 9 9 9 9 9 9 9 9 9 9 9 9 9 9 9 
9 9 9 9 9 9 9 9 9 9 9 9 9 9 9 9 9 9 9 9 9 9 9 9 9 9 9 9 9 9 9 9 9 9 9 9 9 9 9 9 9 9 9 9 9 9 9 9 9 9 
9 9 9 9 9 9 9 9 9 9 9 9 9 9 9 9 9 9 9 9 9 9 9 9 9 9 9 9 9 9 9 9 9 9 9 9 9 9 9 9 9 9 9 9 9 9 9 9 9 9 
9 9 9 9 9 9 9 9 9 9 9 9 9 9 9 9 9 9 9 9 9 9 9 9 9 9 9 9 9 9 9 9 9 9 9 9 9 9 9 9 9 9 9 9 9 9 9 9 9 9 
9 9 9 9 9 9 9 9 9 9 9 9 9 9 9 9 9 9 9 9 9 9 9 9 9 9 9 9 9 9 9 9 9 9 9 9 9 9 9 9 9 9 9 9 9 9 9 9 9 9 
9 9 9 9 9 9 9 9 9 9 9 9 9 9 9 9 9 9 9 9 9 9 9 9 9 9 9 9 9 9 9 9 9 9 9 9 9 9 9 9 9 9 9 9 9 9 9 9 9 9 
9 9 9 9 9 9 9 9 9 9 9 9 9 9 9 9 9 9 9 9 9 9 9 9 9 9 9 9 9 9 9 9 9 9 9 9 9 9 9 9 9 9 9 9 9 9 9 9 9 9 
9 9 9 9 9 9 9 9 9 9 9 9 9 9 9 9 9 9 9 9 9 9 9 9 9 9 9 9 9 9 9 9 9 9 9 9 9 9 9 9 9 9 9 9 9 9 9 9 9 9 
9 9 9 9 9 9 9 9 9 9 9 9 9 9 9 9 9 9 9 9 9 9 9 9 9 9 9 9 9 9 9 9 9 9 9 9 9 9 9 9 9 9 9 9 9 9 9 9 9 9 
9 9 9 9 9 9 9 9 9 9 9 9 9 9 9 9 9 9 9 9 9 9 9 9 9 9 9 9 9 9 9 9 9 9 9 9 9 9 9 9 9 9 9 9 9 9 9 9 9 9 
9 9 9 9 9 9 9 9 9 9 9 9 9 9 9 9 9 9 9 9 9 9 9 9 9 9 9 9 9 9 9 9 9 9 9 9 9 9 9 9 9 9 9 9 9 9 9 9 9 9 
9 9 9 9 9 9 9 9 9 9 9 9 9 9 9 9 9 9 9 9 9 9 9 9 9 9 9 9 9 9 9 9 9 9 9 9 9 9 9 9 9 9 9 9 9 9 9 9 9 9 
9 9 9 9 9 9 9 9 9 9 9 9 9 9 9 9 9 9 9 9 9 9 9 9 9 9 9 9 9 9 9 9 9 9 9 9 9 9 9 9 9 9 9 9 9 9 9 9 9 9 
